{
  "advancedEditorSelectedIdentifier" : "ShaderGraphEditorPluginID",
  "openSceneRelativePaths" : [
    "Immersive.usda"
  ],
  "recentIdentifiers" : {
    "AF09ED6F-1707-48FD-8720-65B998362C09" : [

    ]
  },
  "sceneCameraHistory" : {
    "AF09ED6F-1707-48FD-8720-65B998362C09" : [
      {
        "date" : 758852923.14294,
        "title" : "Untitled",
        "transform" : [
          0.84866714,
          -7.132971e-09,
          0.52892727,
          0,
          0.09146773,
          0.98493403,
          -0.1467605,
          0,
          -0.5209585,
          0.17293058,
          0.8358812,
          0,
          -0.07366816,
          0.105373845,
          0.16013628,
          1
        ]
      },
      {
        "date" : 758850186.277528,
        "title" : "Untitled",
        "transform" : [
          0.84866714,
          -7.132971e-09,
          0.52892727,
          0,
          0.09146773,
          0.98493403,
          -0.1467605,
          0,
          -0.5209585,
          0.17293058,
          0.8358812,
          0,
          -0.06424071,
          0.04543674,
          0.17841198,
          1
        ]
      },
      {
        "date" : 751132848.670701,
        "title" : "Untitled",
        "transform" : [
          0.8591321,
          -7.132971e-09,
          0.51175386,
          0,
          0.08849792,
          0.98493403,
          -0.14857021,
          0,
          -0.5040438,
          0.17293058,
          0.8461885,
          0,
          -0.016855529,
          0.01775239,
          0.13177417,
          1
        ]
      },
      {
        "date" : 751132820.179452,
        "title" : "Untitled",
        "transform" : [
          0.8591321,
          -7.132971e-09,
          0.51175386,
          0,
          0.08849792,
          0.98493403,
          -0.14857021,
          0,
          -0.5040438,
          0.17293058,
          0.8461885,
          0,
          -0.00752005,
          0.01775239,
          0.13733497,
          1
        ]
      },
      {
        "date" : 751085466.727647,
        "title" : "Untitled",
        "transform" : [
          0.8591321,
          -7.132971e-09,
          0.51175386,
          0,
          0.08849792,
          0.98493403,
          -0.14857021,
          0,
          -0.5040438,
          0.17293058,
          0.8461885,
          0,
          -0.06352942,
          0.01775239,
          0.10397224,
          1
        ]
      },
      {
        "date" : 751085463.100871,
        "title" : "Untitled",
        "transform" : [
          0.8591321,
          -7.132971e-09,
          0.51175386,
          0,
          0.08849792,
          0.98493403,
          -0.14857021,
          0,
          -0.5040438,
          0.17293058,
          0.8461885,
          0,
          -0.038144324,
          0.010658887,
          0.06242698,
          1
        ]
      },
      {
        "date" : 751085366.952859,
        "title" : "Untitled",
        "transform" : [
          0.8591321,
          -7.132971e-09,
          0.51175386,
          0,
          0.08849792,
          0.98493403,
          -0.14857021,
          0,
          -0.5040438,
          0.17293058,
          0.8461885,
          0,
          -0.07579114,
          0.021178754,
          0.12403975,
          1
        ]
      },
      {
        "date" : 751085363.885718,
        "title" : "Untitled",
        "transform" : [
          0.8591321,
          -7.132971e-09,
          0.51175386,
          0,
          0.08849792,
          0.98493403,
          -0.14857021,
          0,
          -0.5040438,
          0.17293058,
          0.8461885,
          0,
          -0.03964361,
          0.01107784,
          0.0648807,
          1
        ]
      },
      {
        "date" : 751085361.562374,
        "title" : "Untitled",
        "transform" : [
          0.8591321,
          -7.132971e-09,
          0.51175386,
          0,
          0.08849792,
          0.98493403,
          -0.14857021,
          0,
          -0.5040438,
          0.17293058,
          0.8461885,
          0,
          -0.05981329,
          0.016713971,
          0.09789041,
          1
        ]
      },
      {
        "date" : 751084503.862521,
        "title" : "Untitled",
        "transform" : [
          0.8591321,
          -7.132971e-09,
          0.51175386,
          0,
          0.08849792,
          0.98493403,
          -0.14857021,
          0,
          -0.5040438,
          0.17293058,
          0.8461885,
          0,
          -0.107565,
          0.030057507,
          0.17604086,
          1
        ]
      }
    ]
  },
  "sceneViewportBackgroundColors" : {

  }
}